concept:

id	effectiveTime	active	moduleId	definitionStatusId
100005	20020131	0	900000000000207008	900000000000074008
101009	20020131	1	900000000000207008	900000000000074008
102002	20020131	1	900000000000207008	900000000000074008
103007	20020131	1	900000000000207008	900000000000074008
104001	20020131	1	900000000000207008	900000000000073002
105000	20040731	0	900000000000207008	900000000000074008
106004	20240301	0	900000000000207008	900000000000074008
107008	20020131	1	900000000000207008	900000000000074008
108003	20020131	1	900000000000207008	900000000000074008
109006	20251101	0	900000000000207008	900000000000074008
110001	20020131	1	900000000000207008	900000000000074008
111002	20020131	1	900000000000207008	900000000000074008
112009	20020131	1	900000000000207008	900000000000074008
113004	20020131	1	900000000000207008	900000000000074008
114005	20020131	1	900000000000207008	900000000000074008
115006	20020131	1	900000000000207008	900000000000074008
116007	20020131	1	900000000000207008	900000000000074008
117003	20020131	1	900000000000207008	900000000000074008
118008	20020131	1	900000000000207008	900000000000074008
119000	20020731	1	900000000000207008	900000000000073002
120006	20020131	1	900000000000207008	900000000000074008
121005	20220430	0	900000000000207008	900000000000074008
122003	20020131	1	900000000000207008	900000000000073002
123008	20140131	0	900000000000207008	900000000000074008
124002	20020131	1	900000000000207008	900000000000074008
125001	20020131	1	900000000000207008	900000000000074008
126000	20020131	1	900000000000207008	900000000000074008
127009	20210131	1	900000000000207008	900000000000073002
128004	20020131	1	900000000000207008	900000000000074008
129007	20020131	1	900000000000207008	900000000000074008
130002	20020131	1	900000000000207008	900000000000074008
131003	20020131	1	900000000000207008	900000000000074008
132005	20020131	1	900000000000207008	900000000000074008
133000	20211130	1	900000000000207008	900000000000073002
134006	20080731	1	900000000000207008	900000000000073002
135007	20220131	1	900000000000207008	900000000000073002
136008	20020131	1	900000000000207008	900000000000074008
137004	20020131	0	900000000000207008	900000000000074008
138009	20020131	1	900000000000207008	900000000000074008
139001	20020131	1	900000000000207008	900000000000074008
140004	20020131	1	900000000000207008	900000000000073002
141000	20030131	0	900000000000207008	900000000000074008
142007	20020131	1	900000000000207008	900000000000074008
143002	20020131	0	900000000000207008	900000000000074008
144008	20020131	1	900000000000207008	900000000000074008
145009	20020131	1	900000000000207008	900000000000074008
146005	20220131	1	900000000000207008	900000000000073002
147001	20210131	0	900000000000207008	900000000000074008

------------

description:

id	effectiveTime	active	moduleId	conceptId	languageCode	typeId	term	caseSignificanceId
101013	20170731	1	900000000000207008	126813005	en	900000000000013009	Neoplasm of anterior aspect of epiglottis	900000000000448009
102018	20170731	1	900000000000207008	126814004	en	900000000000013009	Neoplasm of junctional region of epiglottis	900000000000448009
103011	20170731	1	900000000000207008	126815003	en	900000000000013009	Neoplasm of lateral wall of oropharynx	900000000000448009
104017	20170731	1	900000000000207008	126816002	en	900000000000013009	Neoplasm of posterior wall of oropharynx	900000000000448009
105016	20170731	1	900000000000207008	126817006	en	900000000000013009	Neoplasm of esophagus	900000000000448009
106015	20170731	1	900000000000207008	126818001	en	900000000000013009	Neoplasm of cervical esophagus	900000000000448009
107012	20170731	1	900000000000207008	126819009	en	900000000000013009	Neoplasm of thoracic esophagus	900000000000448009
108019	20170731	1	900000000000207008	126820003	en	900000000000013009	Neoplasm of abdominal esophagus	900000000000448009
110017	20170731	1	900000000000207008	126822006	en	900000000000013009	Neoplasm of middle third of esophagus	900000000000448009
111018	20170731	1	900000000000207008	126823001	en	900000000000013009	Neoplasm of lower third of esophagus	900000000000448009
112013	20170731	1	900000000000207008	126824007	en	900000000000013009	Neoplasm of stomach	900000000000448009
113015	20170731	1	900000000000207008	126825008	en	900000000000013009	Neoplasm of cardia of stomach	900000000000448009
114014	20170731	1	900000000000207008	126826009	en	900000000000013009	Neoplasm of fundus of stomach	900000000000448009
115010	20170731	1	900000000000207008	126827000	en	900000000000013009	Neoplasm of body of stomach	900000000000448009
116011	20170731	1	900000000000207008	126828005	en	900000000000013009	Neoplasm of lesser curvature of stomach	900000000000448009
117019	20170731	1	900000000000207008	126829002	en	900000000000013009	Neoplasm of greater curvature of stomach	900000000000448009
118012	20170731	1	900000000000207008	126830007	en	900000000000013009	Neoplasm of pyloric antrum	900000000000448009
119016	20170731	1	900000000000207008	126831006	en	900000000000013009	Neoplasm of pylorus	900000000000448009
120010	20170731	1	900000000000207008	126832004	en	900000000000013009	Neoplasm of small intestine	900000000000448009
121014	20170731	1	900000000000207008	126833009	en	900000000000013009	Neoplasm of duodenum	900000000000448009
122019	20170731	1	900000000000207008	126834003	en	900000000000013009	Neoplasm of jejunum	900000000000448009
123012	20170731	1	900000000000207008	126835002	en	900000000000013009	Neoplasm of ileum	900000000000448009
124018	20020131	1	900000000000207008	126836001	en	900000000000013009	Neoplasm of Meckels diverticulum	900000000000020002
125017	20170731	1	900000000000207008	126837005	en	900000000000013009	Neoplasm of large intestine	900000000000448009
126016	20170731	1	900000000000207008	126838000	en	900000000000013009	Neoplasm of colon	900000000000448009
127013	20170731	1	900000000000207008	126839008	en	900000000000013009	Neoplasm of cecum	900000000000448009
128015	20170731	1	900000000000207008	126840005	en	900000000000013009	Neoplasm of ascending colon	900000000000448009
129011	20170731	1	900000000000207008	126841009	en	900000000000013009	Neoplasm of hepatic flexure of colon	900000000000448009
130018	20170731	1	900000000000207008	126842002	en	900000000000013009	Neoplasm of transverse colon	900000000000448009
131019	20170731	1	900000000000207008	126843007	en	900000000000013009	Neoplasm of splenic flexure of colon	900000000000448009
132014	20170731	1	900000000000207008	126844001	en	900000000000013009	Neoplasm of descending colon	900000000000448009
133016	20170731	1	900000000000207008	126845000	en	900000000000013009	Neoplasm of sigmoid colon	900000000000448009
134010	20170731	1	900000000000207008	126846004	en	900000000000013009	Neoplasm of appendix	900000000000448009
135011	20170731	1	900000000000207008	126847008	en	900000000000013009	Neoplasm of rectum	900000000000448009
136012	20170731	1	900000000000207008	126848003	en	900000000000013009	Neoplasm of rectosigmoid junction	900000000000448009
137015	20170731	1	900000000000207008	126849006	en	900000000000013009	Neoplasm of anus	900000000000448009
138013	20170731	1	900000000000207008	126850006	en	900000000000013009	Neoplasm of anal canal	900000000000448009
139017	20170731	1	900000000000207008	126851005	en	900000000000013009	Neoplasm of liver	900000000000448009
140015	20170731	1	900000000000207008	126852003	en	900000000000013009	Neoplasm of intrahepatic bile ducts	900000000000448009
141016	20170731	1	900000000000207008	126853008	en	900000000000013009	Neoplasm of biliary tract	900000000000448009
142011	20170731	1	900000000000207008	126854002	en	900000000000013009	Neoplasm of gallbladder	900000000000448009
143018	20170731	1	900000000000207008	126855001	en	900000000000013009	Neoplasm of extrahepatic bile ducts	900000000000448009
144012	20170731	1	900000000000207008	126856000	en	900000000000013009	Neoplasm of cystic duct	900000000000448009
145013	20170731	1	900000000000207008	126857009	en	900000000000013009	Neoplasm of common bile duct	900000000000448009
146014	20020131	1	900000000000207008	126858004	en	900000000000013009	Neoplasm of ampulla of Vater	900000000000020002
147017	20170731	1	900000000000207008	126859007	en	900000000000013009	Neoplasm of pancreas	900000000000448009
148010	20170731	1	900000000000207008	126860002	en	900000000000013009	Neoplasm of head of pancreas	900000000000448009
149019	20170731	1	900000000000207008	126861003	en	900000000000013009	Neoplasm of body of pancreas	900000000000448009

-------------------

relationship:

id	effectiveTime	active	moduleId	sourceId	destinationId	relationshipGroup	typeId	characteristicTypeId	modifierId
100022	20090731	0	900000000000207008	100000000	102272007	0	116680003	900000000000011006	900000000000451002
101021	20020131	1	900000000000207008	10000006	29857009	0	116680003	900000000000011006	900000000000451002
102025	20020131	1	900000000000207008	10000006	9972008	0	116680003	900000000000011006	900000000000451002
103024	20030131	0	900000000000207008	1000004	19130008	0	116680003	900000000000011006	900000000000451002
104029	20090731	0	900000000000207008	100001001	102272007	0	116680003	900000000000011006	900000000000451002
105028	20090731	0	900000000000207008	100002008	102272007	0	116680003	900000000000011006	900000000000451002
106027	20090731	0	900000000000207008	100003003	102272007	0	116680003	900000000000011006	900000000000451002
107020	20090731	0	900000000000207008	100004009	102272007	0	116680003	900000000000011006	900000000000451002
109023	20090731	0	900000000000207008	100005005	102272007	0	116680003	900000000000011006	900000000000451002
110029	20090731	0	900000000000207008	100006006	102272007	0	116680003	900000000000011006	900000000000451002
111025	20090731	0	900000000000207008	100007002	102272007	0	116680003	900000000000011006	900000000000451002
112021	20090731	0	900000000000207008	100008007	102272007	0	116680003	900000000000011006	900000000000451002
113027	20090731	0	900000000000207008	100009004	102272007	0	116680003	900000000000011006	900000000000451002
114022	20020131	1	900000000000207008	134035007	84371003	0	116680003	900000000000011006	900000000000451002
115023	20090731	0	900000000000207008	100010009	102272007	0	116680003	900000000000011006	900000000000451002
116024	20140131	0	900000000000207008	10001005	105592009	0	116680003	900000000000011006	900000000000451002
117026	20080731	0	900000000000207008	10001005	87628006	0	116680003	900000000000011006	900000000000451002
118020	20090731	0	900000000000207008	100011008	102272007	0	116680003	900000000000011006	900000000000451002
119028	20090731	0	900000000000207008	100012001	102272007	0	116680003	900000000000011006	900000000000451002
120023	20090731	0	900000000000207008	100013006	102272007	0	116680003	900000000000011006	900000000000451002
121022	20090731	0	900000000000207008	100014000	102272007	0	116680003	900000000000011006	900000000000451002
122026	20090731	0	900000000000207008	100015004	102272007	0	116680003	900000000000011006	900000000000451002
123020	20090731	0	900000000000207008	100016003	102272007	0	116680003	900000000000011006	900000000000451002
124025	20090731	0	900000000000207008	100017007	102272007	0	116680003	900000000000011006	900000000000451002
125029	20090731	0	900000000000207008	100018002	102272007	0	116680003	900000000000011006	900000000000451002
126028	20090731	0	900000000000207008	100019005	102272007	0	116680003	900000000000011006	900000000000451002
127021	20020131	1	900000000000207008	134136005	57250008	0	116680003	900000000000011006	900000000000451002
128027	20090731	0	900000000000207008	100020004	102272007	0	116680003	900000000000011006	900000000000451002
129024	20030131	0	900000000000207008	10002003	120173009	0	116680003	900000000000011006	900000000000451002
130025	20020131	1	900000000000207008	10002003	116175006	0	116680003	900000000000011006	900000000000451002
131026	20030131	0	900000000000207008	10002003	287812001	0	116680003	900000000000011006	900000000000451002
132022	20090731	0	900000000000207008	100021000	102272007	0	116680003	900000000000011006	900000000000451002
133028	20090731	0	900000000000207008	100022007	102272007	0	116680003	900000000000011006	900000000000451002
134023	20090731	0	900000000000207008	100023002	102272007	0	116680003	900000000000011006	900000000000451002
135024	20090731	0	900000000000207008	100024008	102272007	0	116680003	900000000000011006	900000000000451002
136020	20090731	0	900000000000207008	100025009	102272007	0	116680003	900000000000011006	900000000000451002
137027	20090731	0	900000000000207008	100026005	102272007	0	116680003	900000000000011006	900000000000451002
138021	20090731	0	900000000000207008	100027001	102272007	0	116680003	900000000000011006	900000000000451002
139029	20090731	0	900000000000207008	100028006	102272007	0	116680003	900000000000011006	900000000000451002
140027	20090731	0	900000000000207008	100029003	102272007	0	116680003	900000000000011006	900000000000451002
141028	20020131	1	900000000000207008	135161004	136248004	0	116680003	900000000000011006	900000000000451002
142024	20020131	1	900000000000207008	135161004	75300002	0	116680003	900000000000011006	900000000000451002
143025	20090731	0	900000000000207008	100030008	102272007	0	116680003	900000000000011006	900000000000451002
144020	20020131	1	900000000000207008	10003008	106234000	0	116680003	900000000000011006	900000000000451002
145021	20090731	0	900000000000207008	100031007	102272007	0	116680003	900000000000011006	900000000000451002
146022	20090731	0	900000000000207008	100032000	102272007	0	116680003	900000000000011006	900000000000451002
147029	20090731	0	900000000000207008	100033005	102272007	0	116680003	900000000000011006	900000000000451002
148023	20090731	0	900000000000207008	100034004	102272007	0	116680003	900000000000011006	900000000000451002


